1 0.015333333333333332 0.8520782396088019 0 0.8581907090464548 0 0.8667481662591687 0.23733333333333334 0.8887530562347188 0.36533333333333334 0.9144254278728606 0.38666666666666666 0.9229828850855746 0.4226666666666667 0.9266503667481663 0.43933333333333335 0.9352078239608802 0.55 0.9596577017114915 0.612 0.969437652811736 0.6333333333333333 0.941320293398533 0.686 0.9156479217603912 0.7066666666666667 0.8997555012224939 0.574 0.8679706601466992 0.34 0.8349633251833741 0.2653333333333333 0.8325183374083129 0.25733333333333336 0.8374083129584352 0.162 0.8410757946210269 0.15066666666666667 0.8337408312958435
6 0.7926666666666666 0.8606356968215159 0.792 0.8728606356968215 0.8053333333333333 0.8765281173594132 0.8066666666666666 0.8875305623471883 0.8173333333333334 0.8899755501222494 0.82 0.8838630806845966 0.8173333333333334 0.8533007334963325
6 0.7773333333333333 0 0.78 0.05867970660146699 0.7893333333333333 0.07212713936430318 0.7886666666666666 0
6 0.782 0.14058679706601468 0.7906666666666666 0.4388753056234719 0.792 0.45232273838630804 0.798 0.4547677261613692 0.8073333333333333 0.44865525672371637 0.7926666666666666 0.12469437652811736 0.7893333333333333 0.12224938875305623
6 0.7953333333333333 0.6014669926650367 0.796 0.6613691931540342 0.7973333333333333 0.6797066014669927 0.8 0.6821515892420538 0.7933333333333333 0.8312958435207825 0.818 0.8349633251833741 0.8233333333333334 0.8300733496332519 0.8126666666666666 0.6839853300733496 0.8106666666666666 0.6039119804400978 0.8046666666666666 0.597799511002445
7 0.36533333333333334 0.7139364303178484 0.36466666666666664 0.7762836185819071 0.37666666666666665 0.7787286063569682 0.37533333333333335 0.7163814180929096 0.37266666666666665 0.7029339853300733 0.36666666666666664 0.7053789731051344
7 0.596 0.6259168704156479 0.6 0.7200488997555012 0.598 0.7469437652811736 0.616 0.7493887530562348 0.6086666666666667 0.6613691931540342 0.6093333333333333 0.6259168704156479 0.6 0.6185819070904646
7 0.668 0.6320293398533008 0.6646666666666666 0.6393643031784841 0.6693333333333333 0.6772616136919315 0.668 0.7286063569682152 0.6746666666666666 0.7322738386308069 0.678 0.7273838630806846 0.682 0.6992665036674817 0.6773333333333333 0.6405867970660146 0.6733333333333333 0.6308068459657702
5 0.22266666666666668 0.7383863080684596 0.22733333333333333 0.8007334963325183 0.22 0.8276283618581907 0.22 0.8374083129584352 0.22466666666666665 0.8374083129584352 0.22933333333333333 0.815403422982885 0.24066666666666667 0.8141809290953546 0.242 0.8361858190709046 0.248 0.8398533007334963 0.24666666666666667 0.7298288508557457 0.24133333333333334 0.7188264058679706 0.23733333333333334 0.6931540342298288
5 0.17066666666666666 0.7298288508557457 0.16733333333333333 0.7542787286063569 0.17666666666666667 0.8190709046454768 0.176 0.8447432762836186 0.18933333333333333 0.8484107579462102 0.18733333333333332 0.8312958435207825 0.18933333333333333 0.8056234718826406 0.19666666666666666 0.784841075794621 0.19666666666666666 0.7750611246943765 0.19 0.7053789731051344 0.18533333333333332 0.69559902200489 0.17866666666666667 0.7017114914425427
6 0.04533333333333334 0.5146699266503667 0.05 0.558679706601467 0.050666666666666665 0.5134474327628362
6 0.04533333333333334 0.33251833740831294 0.04533333333333334 0.43643031784841074 0.04733333333333333 0.4388753056234719 0.050666666666666665 0.4339853300733496 0.05 0.37775061124694376 0.04666666666666667 0.3264058679706601
6 0.043333333333333335 0.7885085574572127 0.043333333333333335 0.8202933985330073 0.062 0.8215158924205379 0.06 0.7872860635696821
6 0.04533333333333334 0.5709046454767727 0.04666666666666667 0.7811735941320294 0.05733333333333333 0.784841075794621 0.05266666666666667 0.5757946210268948 0.050666666666666665 0.5647921760391198
