3 0.847587890625 0.269549180328 0.889560546875 0.269549180328 0.889560546875 0.303948087432 0.847587890625 0.303948087432
1 0.138671875 0.819672131147541 0.142578125 0.8333333333333334 0.1953125 0.855191256830601 0.248046875 0.855191256830601 0.259765625 0.8442622950819673 0.251953125 0.8060109289617486 0.21875 0.7923497267759563
1 0.4453125 0.6994535519125683 0.443359375 0.7868852459016393 0.451171875 0.8524590163934426 0.658203125 0.855191256830601 0.833984375 0.6721311475409836 0.705078125 0.644808743169399 0.677734375 0.6065573770491803 0.650390625 0.6038251366120219 0.486328125 0.6693989071038251 0.4609375 0.7049180327868853
6 0.890625 0.4371584699453552 0.869140625 0.5737704918032787 0.912109375 0.5819672131147541 0.921875 0.5683060109289617 0.91015625 0.4726775956284153 0.90625 0.45081967213114754
6 0.892578125 0.03278688524590164 0.890625 0.4098360655737705 0.896484375 0.43169398907103823 0.908203125 0.4098360655737705 0.91796875 0.03825136612021858
0 0.86328125 0.42349726775956287 0.859375 0.45901639344262296 0.87109375 0.4808743169398907 0.880859375 0.4808743169398907 0.8984375 0.43169398907103823 0.88671875 0.40710382513661203
0 0.90625 0.4207650273224044 0.908203125 0.4644808743169399 0.921875 0.48360655737704916 0.974609375 0.4808743169398907 0.974609375 0.43169398907103823 0.94140625 0.40710382513661203 0.912109375 0.40710382513661203
0 0.333984375 0.3087431693989071 0.337890625 0.3442622950819672 0.35546875 0.34153005464480873 0.37109375 0.29508196721311475 0.3828125 0.28415300546448086 0.4140625 0.27595628415300544 0.453125 0.3087431693989071 0.466796875 0.33879781420765026 0.466796875 0.36976229508196723 0.4453125 0.46994535519125685 0.455078125 0.4672131147540984 0.478515625 0.5136612021857924 0.45703125 0.5491803278688525 0.583984375 0.5710382513661202 0.59375 0.5437158469945356 0.630859375 0.5191256830601093 0.6640625 0.5081967213114754 0.6953125 0.5163934426229508 0.720703125 0.4726775956284153 0.720703125 0.33060109289617484 0.70703125 0.31693989071038253 0.599609375 0.28415300546448086 0.552734375 0.25136612021857924 0.490234375 0.24043715846994534 0.37890625 0.25136612021857924
6 0.751953125 0.2814207650273224 0.75 0.3442622950819672 0.767578125 0.46174863387978143 0.771484375 0.5546448087431693 0.77734375 0.3825136612021858 0.796875 0.3442622950819672 0.796875 0.2814207650273224
5 0.029296875 0.4972677595628415 0.048828125 0.5355191256830601 0.080078125 0.5573770491803278 0.083984375 0.6256830601092896 0.11328125 0.6830601092896175 0.16015625 0.7131147540983607 0.21875 0.6967213114754098 0.251953125 0.7349726775956285 0.263671875 0.8524590163934426 0.427734375 0.855191256830601 0.4453125 0.8497267759562842 0.439453125 0.7021857923497268 0.4453125 0.592896174863388 0.458984375 0.5327868852459017 0.5234375 0.46174863387978143 0.52734375 0.43989071038251365 0.517578125 0.42349726775956287 0.5 0.4262295081967213 0.458984375 0.40437158469945356 0.462890625 0.33879781420765026 0.451171875 0.3114754098360656 0.427734375 0.28415300546448086 0.396484375 0.2786885245901639 0.376953125 0.2923497267759563 0.357421875 0.3333333333333333 0.3515625 0.40437158469945356 0.359375 0.4453551912568306 0.3515625 0.45901639344262296 0.16015625 0.5519125683060109 0.12109375 0.5355191256830601 0.11328125 0.5109289617486339 0.0859375 0.48633879781420764
5 0.078125 0.3770491803278688 0.07421875 0.47540983606557374 0.09765625 0.48360655737704916 0.111328125 0.45081967213114754 0.119140625 0.37158469945355194 0.109375 0.3743169398907104 0.09375 0.3551912568306011
6 0.09765625 0.23770491803278687 0.11328125 0.45081967213114754 0.109375 0.4808743169398907 0.12890625 0.4890710382513661 0.134765625 0.28415300546448086 0.146484375 0.2540983606557377 0.1171875 0.22404371584699453
1 0.099609375 0.4918032786885246 0.09765625 0.5 0.119140625 0.5109289617486339 0.130859375 0.5327868852459017 0.15625 0.5409836065573771 0.232421875 0.5409836065573771 0.2734375 0.49453551912568305 0.14453125 0.4562841530054645 0.130859375 0.45901639344262296 0.1328125 0.47540983606557374
