5 0.6895161290322581 0.5270935960591133 0.6814516129032258 0.5566502463054187 0.6935483870967742 0.6157635467980296 0.7096774193548387 0.9113300492610837 0.7298387096774194 0.9310344827586207 0.782258064516129 0.9261083743842364 0.75 0.8571428571428571 0.7580645161290323 0.7881773399014779 0.782258064516129 0.7192118226600985 0.8225806451612904 0.6945812807881774 0.8104838709677419 0.6009852216748769 0.8467741935483871 0.3694581280788177 0.842741935483871 0.33497536945812806 0.7983870967741935 0.43349753694581283 0.7298387096774194 0.4236453201970443 0.717741935483871 0.43842364532019706
5 0.43951612903225806 0.5911330049261084 0.4314516129032258 0.6206896551724138 0.4435483870967742 0.645320197044335 0.45564516129032256 0.7339901477832512 0.45161290322580644 0.8571428571428571 0.4596774193548387 0.9310344827586207 0.532258064516129 0.9507389162561576 0.5403225806451613 0.9458128078817734 0.5564516129032258 0.6502463054187192 0.5403225806451613 0.5665024630541872 0.5120967741935484 0.4876847290640394 0.4838709677419355 0.4876847290640394 0.4637096774193548 0.5566502463054187
5 0.5443548387096774 0.5812807881773399 0.5443548387096774 0.6305418719211823 0.5524193548387096 0.6403940886699507 0.5443548387096774 0.6798029556650246 0.5362903225806451 0.8866995073891626 0.5443548387096774 0.9014778325123153 0.5564516129032258 0.896551724137931 0.5887096774193549 0.9261083743842364 0.6129032258064516 0.9261083743842364 0.6330645161290323 0.6995073891625616 0.6290322580645161 0.625615763546798 0.6209677419354839 0.5862068965517241 0.5806451612903226 0.5073891625615764 0.5604838709677419 0.5123152709359606
5 0.34274193548387094 0.7093596059113301 0.3387096774193548 0.7536945812807881 0.3709677419354839 0.8571428571428571 0.3629032258064516 0.8719211822660099 0.3709677419354839 0.916256157635468 0.39919354838709675 0.9310344827586207 0.40725806451612906 0.9507389162561576 0.41935483870967744 0.9556650246305419 0.4314516129032258 0.9310344827586207 0.4314516129032258 0.8453201970443349 0.45161290322580644 0.7241379310344828 0.4637096774193548 0.7093596059113301 0.43951612903225806 0.6403940886699507 0.42338709677419356 0.625615763546798 0.41935483870967744 0.5763546798029556 0.4032258064516129 0.5714285714285714 0.3911290322580645 0.5812807881773399
5 0.3709677419354839 0.5270935960591133 0.35080645161290325 0.5763546798029556 0.3629032258064516 0.5862068965517241 0.3629032258064516 0.6206896551724138 0.3709677419354839 0.6305418719211823 0.3790322580645161 0.6206896551724138 0.3911290322580645 0.5665024630541872 0.3911290322580645 0.541871921182266 0.3951612903225806 0.5369458128078818 0.3951612903225806 0.5320197044334976 0.38306451612903225 0.5172413793103449
5 0.29435483870967744 0.5960591133004927 0.2903225806451613 0.6354679802955665 0.29435483870967744 0.7142857142857143 0.3024193548387097 0.8029556650246306 0.31451612903225806 0.8275862068965517 0.3225806451612903 0.812807881773399 0.3225806451612903 0.7832512315270936 0.34274193548387094 0.6896551724137931 0.3588709677419355 0.645320197044335 0.3588709677419355 0.6305418719211823 0.35080645161290325 0.625615763546798 0.35080645161290325 0.5911330049261084 0.3346774193548387 0.5714285714285714 0.3346774193548387 0.5517241379310345 0.32661290322580644 0.5369458128078818 0.3185483870967742 0.5369458128078818 0.3064516129032258 0.5517241379310345 0.31048387096774194 0.5566502463054187 0.3024193548387097 0.5911330049261084
5 0.2217741935483871 0.5665024630541872 0.20967741935483872 0.625615763546798 0.20161290322580644 0.6354679802955665 0.20161290322580644 0.6945812807881774 0.21370967741935484 0.7093596059113301 0.22983870967741934 0.8004926108374384 0.22983870967741934 0.8275862068965517 0.23387096774193547 0.8325123152709359 0.25806451612903225 0.8325123152709359 0.2701612903225806 0.6847290640394089 0.28225806451612906 0.6502463054187192 0.2862903225806452 0.6502463054187192 0.2862903225806452 0.6305418719211823 0.24596774193548387 0.5615763546798029 0.22983870967741934 0.5566502463054187
5 0.06048387096774194 0.5221674876847291 0.05241935483870968 0.5960591133004927 0.05241935483870968 0.6403940886699507 0.06048387096774194 0.6502463054187192 0.06451612903225806 0.6502463054187192 0.06854838709677419 0.6403940886699507 0.06854838709677419 0.6009852216748769 0.07258064516129033 0.5960591133004927 0.07258064516129033 0.5024630541871922 0.06451612903225806 0.5073891625615764
5 0.0967741935483871 0.4236453201970443 0.09274193548387097 0.42857142857142855 0.09274193548387097 0.6650246305418719 0.11693548387096774 0.6847290640394089 0.14919354838709678 0.6847290640394089 0.16129032258064516 0.625615763546798 0.14919354838709678 0.5320197044334976 0.125 0.45320197044334976 0.10887096774193548 0.42857142857142855
6 0.07661290322580645 0.06403940886699508 0.056451612903225805 0.07881773399014778 0.056451612903225805 0.11822660098522167 0.07258064516129033 0.15270935960591134 0.07258064516129033 0.5878472906403941 0.06048387096774194 0.6798029556650246 0.06854838709677419 0.7389162561576355 0.10080645161290322 0.729064039408867 0.10483870967741936 0.7044334975369458 0.08870967741935484 0.5938423645320197 0.0967741935483871 0.07389162561576355
0 0.4274193548387097 0.49261083743842365 0.42338709677419356 0.541871921182266 0.43951612903225806 0.5763546798029556 0.4717741935483871 0.541871921182266 0.625 0.6108374384236454 0.6330645161290323 0.6305418719211823 0.6491935483870968 0.6305418719211823 0.6814516129032258 0.6600985221674877 0.6895161290322581 0.6403940886699507 0.6895161290322581 0.6157635467980296 0.6774193548387096 0.5812807881773399 0.6774193548387096 0.5467980295566502 0.6854838709677419 0.5270935960591133 0.6733870967741935 0.4975369458128079 0.6290322580645161 0.43349753694581283 0.47580645161290325 0.42857142857142855 0.45161290322580644 0.43842364532019706 0.43951612903225806 0.45320197044334976
0 0.8024193548387096 0.5270935960591133 0.7983870967741935 0.5517241379310345 0.8185483870967742 0.6157635467980296 0.8306451612903226 0.6157635467980296 0.842741935483871 0.5960591133004927 0.8911290322580645 0.6059113300492611 0.8951612903225806 0.6206896551724138 0.9032258064516129 0.6206896551724138 0.9112903225806451 0.6157635467980296 0.9435483870967742 0.5467980295566502 0.9556451612903226 0.4975369458128079 0.9274193548387096 0.43349753694581283 0.9032258064516129 0.4236453201970443 0.8346774193548387 0.4236453201970443 0.8346774193548387 0.46798029556650245 0.8145161290322581 0.5123152709359606
0 0.28225806451612906 0.4236453201970443 0.2782258064516129 0.42857142857142855 0.2782258064516129 0.458128078817734 0.28225806451612906 0.4630541871921182 0.28225806451612906 0.49261083743842365 0.2862903225806452 0.4975369458128079 0.3467741935483871 0.5024630541871922 0.35080645161290325 0.4975369458128079 0.3629032258064516 0.46798029556650245 0.3588709677419355 0.45320197044334976 0.34274193548387094 0.43349753694581283 0.3387096774193548 0.43349753694581283 0.33064516129032256 0.4236453201970443
0 0.1532258064516129 0.458128078817734 0.14919354838709678 0.4729064039408867 0.14919354838709678 0.4975369458128079 0.1532258064516129 0.5172413793103449 0.1693548387096774 0.5172413793103449 0.17338709677419356 0.5221674876847291 0.2620967741935484 0.5172413793103449 0.2620967741935484 0.4975369458128079 0.2661290322580645 0.49261083743842365 0.2620967741935484 0.4827586206896552 0.2620967741935484 0.4482758620689655 0.25806451612903225 0.43349753694581283 0.24596774193548387 0.4187192118226601 0.22983870967741934 0.41379310344827586 0.18548387096774194 0.4187192118226601 0.17338709677419356 0.4236453201970443
1 0.14112903225806453 0.8078817733990148 0.11693548387096774 0.8226600985221675 0.125 0.8916256157635468 0.21774193548387097 0.9113300492610837 0.25806451612903225 0.9753694581280788 0.5040322580645161 0.9901477832512315 0.7862903225806451 0.9655172413793104 0.7016129032258065 0.9261083743842364 0.6451612903225806 0.8472906403940886 0.36693548387096775 0.8522167487684729 0.3588709677419355 0.8078817733990148 0.2903225806451613 0.7832512315270936 0.20967741935483872 0.7832512315270936
