1 0.42083333333333334 0.8203125 0.79211 0.86355 0.8618491666666667 0.73269625 0.7153766666666667 0.721015
6 0.8266666666666667 0.0075 0.8333333333333334 0.165 0.8383333333333334 0.19375 0.8391666666666666 0.32375 0.8425 0.3375 0.8491666666666666 0.61 0.8541666666666666 0.67 0.8516666666666667 0.80125 0.8341666666666666 0.825 0.8466666666666667 0.84875 0.8725 0.85375 0.9066666666666666 0.82375 0.8716666666666667 0.1075 0.8616666666666667 0 0.8291666666666667 0
0 0.20833333333333334 0.61875 0.21 0.625 0.23666666666666666 0.6425 0.2425 0.64125 0.33916666666666667 0.73625 0.3416666666666667 0.7475 0.36 0.75375 0.36916666666666664 0.77 0.37916666666666665 0.775 0.4008333333333333 0.76875 0.425 0.75125 0.44916666666666666 0.7575 0.47333333333333333 0.75125 0.4891666666666667 0.74 0.49416666666666664 0.725 0.49416666666666664 0.7025 0.48083333333333333 0.6725 0.4175 0.645 0.3925 0.62 0.36583333333333334 0.605 0.30333333333333334 0.59625 0.23416666666666666 0.59625 0.2225 0.59875
6 0.705 0.0025 0.6916666666666667 0.08875 0.6816666666666666 0.12875 0.6858333333333333 0.7125 0.6883333333333334 0.715 0.705 0.71375 0.6958333333333333 0.11625 0.7066666666666667 0.02125 0.7075 0.0025
2 0.9766666666666667 0.6425 0.9766666666666667 0.67875 0.985 0.68125 0.9991666666666666 0.675 0.9991666666666666 0.64375
2 0.8983333333333333 0.6475 0.8975 0.6775 0.9008333333333334 0.69125 0.9258333333333333 0.69125 0.9383333333333334 0.67875 0.9375 0.64375
2 0.6325 0.65375 0.6341666666666667 0.68875 0.6883333333333334 0.6875 0.685 0.6475 0.6616666666666666 0.64625
2 0.705 0.65 0.7016666666666667 0.6675 0.7041666666666667 0.69 0.7641666666666667 0.69125 0.77 0.68625 0.77 0.66125 0.7658333333333334 0.645 0.7158333333333333 0.645
2 0.425 0.64625 0.435 0.65625 0.4683333333333333 0.665 0.4866666666666667 0.67625 0.49166666666666664 0.68625 0.6225 0.69 0.6266666666666667 0.685 0.6233333333333333 0.64625
7 0.7075 0.43875 0.7016666666666667 0.45875 0.7075 0.49125 0.705 0.4975 0.7083333333333334 0.50375 0.705 0.53875 0.71 0.54375 0.72 0.54125 0.735 0.55375 0.7333333333333333 0.56375 0.7375 0.57125 0.7358333333333333 0.58125 0.7191666666666666 0.58375 0.715 0.5925 0.7091666666666666 0.59375 0.7091666666666666 0.6225 0.7183333333333334 0.6275 0.7166666666666667 0.63625 0.7975 0.6325 0.815 0.605 0.8133333333333334 0.60125 0.8183333333333334 0.59125 0.8316666666666667 0.5825 0.8383333333333334 0.58625 0.8416666666666667 0.58125 0.8391666666666666 0.57 0.845 0.56625 0.8433333333333334 0.5375 0.8358333333333333 0.51875 0.84 0.50875 0.8375 0.5 0.8258333333333333 0.49125 0.8275 0.4825 0.8241666666666667 0.45875 0.8275 0.4525 0.825 0.43125 0.8166666666666667 0.41375 0.8183333333333334 0.4 0.815 0.3925 0.81 0.39 0.8083333333333333 0.39625 0.7266666666666667 0.38625 0.7233333333333334 0.3925 0.7216666666666667 0.43 0.7158333333333333 0.43625 0.71 0.43375
3 0.7008333333333333 0.5525 0.7025 0.575 0.7141666666666666 0.575 0.72 0.56875 0.7191666666666666 0.5475 0.7075 0.54625
7 0.9075 0.45375 0.9033333333333333 0.465 0.89 0.48 0.8908333333333334 0.5525 0.9 0.5525 0.9041666666666667 0.5625 0.9033333333333333 0.5875 0.8958333333333334 0.605 0.8975 0.6225 0.9075 0.6375 0.9191666666666667 0.6325 0.9183333333333333 0.62125 0.9463891666666666 0.58125 0.9575 0.58 0.9591666666666666 0.5675 0.9691666666666666 0.5675 0.9658333333333333 0.55875 0.9683333333333334 0.55125 0.9725 0.55 0.9708333333333333 0.535 0.9783333333333334 0.5125 0.9825 0.51125 0.9783333333333334 0.5025 0.9708333333333333 0.49875 0.9683333333333334 0.48 0.9566666666666667 0.47125 0.9491666666666667 0.47125 0.9416666666666667 0.46 0.9425 0.45375 0.9208333333333333 0.455 0.9166666666666666 0.465 0.9108333333333334 0.4625
7 0.2825 0.425 0.2825 0.4325 0.29333333333333333 0.4475 0.2941666666666667 0.51375 0.2916666666666667 0.52625 0.2975 0.5475 0.2925 0.565 0.29333333333333333 0.58 0.30583333333333335 0.59125 0.3233333333333333 0.59375 0.34833333333333333 0.5825 0.3725 0.58375 0.38666666666666666 0.55 0.39 0.53 0.38916666666666666 0.475 0.3983333333333333 0.44875 0.4025 0.36 0.38666666666666666 0.33875 0.3625 0.33125 0.3641666666666667 0.36833374999999996 0.3566666666666667 0.38125 0.345 0.3775 0.3408333333333333 0.38625 0.33208333333333334 0.39125 0.30833333333333335 0.3825 0.3016666666666667 0.39875 0.29333333333333333 0.41 0.2891666666666667 0.41
7 0.4083333333333333 0.58125 0.4083333333333333 0.61875 0.41833333333333333 0.6275 0.43916666666666665 0.62625 0.445 0.61375 0.46 0.62375 0.4666666666666667 0.6375 0.48333333333333334 0.63875 0.505 0.62625 0.5041666666666667 0.615 0.51 0.595 0.5058333333333334 0.575 0.5083333333333333 0.56125 0.5125 0.55875 0.505 0.54 0.5075 0.51375 0.5116666666666667 0.51375 0.5225 0.49875 0.515 0.48125 0.515 0.46 0.495 0.44125 0.4766666666666667 0.43625 0.4525 0.48375 0.45416666666666666 0.495 0.44916666666666666 0.515 0.45166666666666666 0.51875 0.44916666666666666 0.54625 0.43833333333333335 0.5625 0.4191666666666667 0.56
7 0.5358333333333334 0.525 0.5391666666666667 0.52875 0.5391666666666667 0.54375 0.5325 0.55 0.5391666666666667 0.5575 0.5516666666666666 0.5575 0.5566666666666666 0.5625 0.555 0.58875 0.5625 0.61 0.5816666666666667 0.61 0.585 0.6175 0.595 0.60875 0.5966666666666667 0.6225 0.605 0.63625 0.6116666666666667 0.64 0.6183333333333333 0.6275 0.6258333333333334 0.6275 0.6266666666666667 0.63125 0.6466666666666666 0.625 0.6541666666666667 0.63125 0.6858333333333333 0.6275 0.6833333333333333 0.6225 0.6866666666666666 0.605 0.6841666666666667 0.56375 0.6808333333333333 0.55875 0.6808333333333333 0.54125 0.6841666666666667 0.535 0.6808333333333333 0.51625 0.685 0.505 0.6875 0.44125 0.6858333333333333 0.43625 0.6733333333333333 0.435 0.6675 0.4275 0.67 0.42125 0.6675 0.41375 0.6541666666666667 0.4025 0.6391666666666667 0.4025 0.6358333333333334 0.3975 0.625 0.405 0.6233333333333333 0.3975 0.6166666666666667 0.39125 0.6191666666666666 0.38 0.6175 0.36 0.6116666666666667 0.365 0.6133333333333333 0.40125 0.5991666666666666 0.40375 0.585 0.41375 0.5841666666666666 0.42125 0.5908333333333333 0.4375 0.5841666666666666 0.45625 0.5833333333333334 0.47875 0.5758333333333333 0.4825 0.5625 0.48 0.5608333333333333 0.4875 0.55 0.49625 0.545 0.49375 0.5425 0.4975 0.5483333333333333 0.4975 0.5508333333333333 0.50875
