4 0.835833333333 0.457346938776 0.906879844961 0.457346938776 0.906879844961 0.532142857143 0.835833333333 0.532142857143
0 0.16666666666666666 0.8112244897959183 0.16279069767441862 0.8469387755102041 0.17054263565891473 0.8724489795918368 0.17829457364341086 0.8775510204081632 0.3333333333333333 0.8469387755102041 0.3372093023255814 0.8418367346938775 0.3372093023255814 0.7602040816326531 0.313953488372093 0.7244897959183674 0.2713178294573643 0.7244897959183674 0.20930232558139536 0.7346938775510204 0.19767441860465115 0.7397959183673469
0 0.45348837209302323 0.7193877551020408 0.45348837209302323 0.7244897959183674 0.437984496124031 0.7448979591836735 0.437984496124031 0.7908163265306123 0.4418604651162791 0.8010204081632653 0.5232558139534884 0.7908163265306123 0.5503875968992248 0.7755102040816326 0.5542635658914729 0.7806122448979592 0.562015503875969 0.7806122448979592 0.5658914728682171 0.7755102040816326 0.5658914728682171 0.7602040816326531 0.562015503875969 0.7551020408163265 0.562015503875969 0.7244897959183674 0.5387596899224806 0.6989795918367347 0.5232558139534884 0.6887755102040817 0.5116279069767442 0.6887755102040817 0.4806201550387597 0.6989795918367347 0.46124031007751937 0.7091836734693877
0 0.562015503875969 0.6938775510204082 0.5581395348837209 0.6989795918367347 0.5581395348837209 0.7091836734693877 0.5658914728682171 0.7551020408163265 0.5852713178294574 0.7704081632653061 0.6434108527131783 0.7551020408163265 0.6589147286821705 0.7448979591836735 0.6589147286821705 0.7193877551020408 0.6550387596899225 0.6989795918367347 0.6472868217054264 0.6938775510204082 0.5968992248062015 0.6887755102040817 0.5852713178294574 0.6887755102040817 0.5813953488372093 0.6938775510204082
0 0.937984496124031 0.8469387755102041 0.937984496124031 0.8673469387755102 0.9418604651162791 0.8724489795918368 0.937984496124031 0.9336734693877551 0.9302325581395349 0.9387755102040817 0.9302325581395349 0.9795918367346939 0.9961240310077519 0.9795918367346939 0.9961240310077519 0.7959183673469388 0.9651162790697675 0.8061224489795918 0.9457364341085271 0.8214285714285714 0.9418604651162791 0.826530612244898
7 0.44573643410852715 0.015306122448979591 0.46511627906976744 0.1836734693877551 0.4883720930232558 0.25 0.5930232558139535 0.413265306122449 0.6627906976744186 0.7295918367346939 0.6666666666666666 0.8673469387755102 0.6937984496124031 0.8724489795918368 0.6744186046511628 0.6785714285714286 0.6627906976744186 0.19387755102040816 0.6782945736434108 0
6 0.8798449612403101 0 0.8527131782945736 0 0.8527131782945736 0.015306122448979591 0.8914728682170543 0.5051020408163265 0.9341085271317829 0.8469387755102041 0.9612403100775194 0.8010204081632653 0.9612403100775194 0.7551020408163265
6 0.4186046511627907 0 0.40310077519379844 0 0.40310077519379844 0.061224489795918366 0.45348837209302323 0.673469387755102 0.46511627906976744 0.7040816326530612 0.4728682170542636 0.6377551020408163
6 0.22093023255813954 0.5102040816326531 0.2131782945736434 0.5204081632653061 0.2131782945736434 0.6275510204081632 0.24031007751937986 0.7122448979591837 0.2364341085271318 0.8163265306122449 0.2441860465116279 0.8928571428571429 0.2364341085271318 0.9132653061224489 0.2441860465116279 0.9132653061224489 0.25193798449612403 0.7448979591836735 0.24806201550387597 0.7091836734693877 0.26356589147286824 0.6275510204081632 0.2751937984496124 0.6173469387755102 0.28294573643410853 0.576530612244898 0.28294573643410853 0.5153061224489796 0.27906976744186046 0.5051020408163265
7 0.7984496124031008 0.4489795918367347 0.7945736434108527 0.47959183673469385 0.810077519379845 0.6683673469387755 0.8178294573643411 0.6836734693877551 0.8178294573643411 0.7244897959183674 0.8255813953488372 0.7704081632653061 0.8372093023255814 0.7755102040816326 0.8410852713178295 0.7448979591836735 0.8333333333333334 0.6632653061224489 0.813953488372093 0.5459183673469388 0.810077519379845 0.4846938775510204
