5 0.67578125 0.4296875 0.6640625 0.5625 0.6953125 0.6197916666666666 0.697265625 0.671875 0.70703125 0.6744791666666666 0.732421875 0.6614583333333334 0.7421875 0.4505208333333333 0.693359375 0.3932291666666667
5 0.5390625 0.4869791666666667 0.537109375 0.5286458333333334 0.560546875 0.6145833333333334 0.5625 0.6640625 0.578125 0.6640625 0.59765625 0.6484375 0.595703125 0.6002604166666666 0.607421875 0.5494791666666666 0.607421875 0.4921875 0.578125 0.4088541666666667 0.5625 0.4114583333333333
5 0.4609375 0.5546875 0.458984375 0.6223958333333334 0.48046875 0.7213541666666666 0.478515625 0.7552083333333334 0.517578125 0.7526041666666666 0.5234375 0.6640625 0.544921875 0.6041666666666666 0.54296875 0.546875 0.5078125 0.4453125 0.486328125 0.4557291666666667
5 0.490234375 0.4140625 0.470703125 0.4661458333333333 0.48046875 0.4947916666666667 0.513671875 0.4401041666666667 0.5078125 0.40625
5 0.408203125 0.4661458333333333 0.427734375 0.6666666666666666 0.431640625 0.6770833333333334 0.466796875 0.6770833333333334 0.466796875 0.625 0.451171875 0.5885416666666666 0.47265625 0.4973958333333333 0.466796875 0.4609375 0.431640625 0.4036458333333333
5 0.359375 0.4583333333333333 0.333984375 0.5208333333333334 0.333984375 0.5416666666666666 0.369140625 0.7005208333333334 0.392578125 0.5208333333333334 0.37890625 0.4557291666666667
5 0.22265625 0.453125 0.216796875 0.5703125 0.248046875 0.6510416666666666 0.2421875 0.6979166666666666 0.30078125 0.6875 0.30078125 0.5338541666666666 0.283203125 0.4973958333333333 0.23828125 0.453125
5 0.455078125 0.3776041666666667 0.443359375 0.4088541666666667 0.447265625 0.4348958333333333 0.470703125 0.4635416666666667 0.474609375 0.4036458333333333
1 0 0.9696692708333333 0.47796875 0.5380677083333333 0.7481796875 0.5474375 0.76298828125 0.9973958333333334 0 0.9973958333333334
4 0.361328125 0.2734375 0.361328125 0.3098958333333333 0.392578125 0.3072916666666667 0.390625 0.2708333333333333
