4 0.859570200573 0.35163 0.906504297994 0.35163 0.906504297994 0.38401 0.859570200573 0.38401
1 0.08595988538681948 0.616924 0 0.77503 0.002031518624641834 0.997182 0.997134670487106 0.998 0.997134670487106 0.72414 0.6701318051575932 0.599394 0.09911461318051576 0.6003419999999999
6 0.08882521489971347 0 0.09455587392550144 0.166858 0.0830945558739255 0.19 0.09742120343839542 0.288 0.11174785100286533 0.282 0.1174785100286533 0.188 0.10601719197707736 0.166 0.11174785100286533 0.004
6 0.08882521489971347 0 0.07163323782234957 0.306 0.08595988538681948 0.324 0.11461318051575932 0.328 0.12893982808022922 0.32 0.1318051575931232 0.294 0.12320916905444126 0.288 0.11174785100286533 0
6 0.07736389684813753 0.446 0.0659025787965616 0.532 0.12607449856733524 0.556 0.1174785100286533 0.574 0.16332378223495703 0.576 0.15472779369627507 0.226 0.14326647564469913 0.23 0.14040114613180515 0.304 0.09455587392550144 0.36
7 0.9340974212034384 0.47 0.9340974212034384 0.53 0.9914040114613181 0.534 0.997134670487106 0.466 0.9598853868194842 0.46
7 0.29512893982808025 0.458 0.4813753581661891 0.528 0.9025787965616046 0.526 0.8997134670487106 0.508 0.8452722063037249 0.458 0.6762177650429799 0.472 0.5243553008595988 0.47 0.35816618911174786 0.46 0.335243553008596 0.452
6 0.09742120343839542 0.296 0.0830945558739255 0.324 0.10601719197707736 0.33 0.10601719197707736 0.298
7 0.25501432664756446 0.038 0.2607449856733524 0.074 0.27507163323782235 0.084 0.25501432664756446 0.148 0.22636103151862463 0.17 0.2148997134670487 0.206 0.1833810888252149 0.216 0.17765042979942694 0.23 0.1977077363896848 0.246 0.24355300859598855 0.24 0.3151862464183381 0.254 0.3151862464183381 0.342 0.28653295128939826 0.362 0.2521489971346705 0.362 0.2492836676217765 0.35 0.24641833810888253 0.358 0.2177650429799427 0.362 0.2808022922636103 0.404 0.3839541547277937 0.418 0.44126074498567336 0.41 0.45272206303724927 0.422 0.6819484240687679 0.424 0.6848137535816619 0.43 0.6934097421203438 0.416 0.7106017191977078 0.414 0.7679083094555874 0.424 0.7679083094555874 0.438 0.7879656160458453 0.418 0.8166189111747851 0.422 0.8452722063037249 0.41 0.9340974212034384 0.41 0.9398280802292264 0.432 0.9742120343839542 0.432 0.997134670487106 0.418 0.997134670487106 0 0.29512893982808025 0
6 0.09169054441260745 0.358 0.06876790830945559 0.532 0.12893982808022922 0.53 0.1318051575931232 0.524 0.11461318051575932 0.376 0.10888252148997135 0.358
