3 0.3149140625 0.345821256039 0.3296484375 0.345821256039 0.3296484375 0.36922705314 0.3149140625 0.36922705314
6 0.53203125 0.15338164251207728 0.52890625 0.22584541062801933 0.53203125 0.38768115942028986 0.534375 0.4142512077294686 0.53984375 0.4178743961352657 0.54375 0.4142512077294686 0.53828125 0.392512077294686 0.5375 0.2898550724637681 0.54375 0.26207729468599034 0.53671875 0.24323671497584543 0.53671875 0.2222222222222222 0.54140625 0.21014492753623187 0.5515625 0.19927536231884058 0.54375 0.20531400966183574 0.5359375 0.18991545893719808 0.5328125 0.1388888888888889
0 0.00703125 0.34903381642512077 0 0.34903381642512077 0 0.8695652173913043 0.24921875 0.8756038647342995 0.278125 0.8671497584541062 0.2921875 0.9045893719806763 0.31484375 0.9347826086956522 0.35546875 0.9444444444444444 0.38359375 0.9371980676328503 0.4046875 0.9214975845410628 0.4234375 0.8913043478260869 0.434375 0.8599033816425121 0.45078125 0.8659420289855072 0.47578125 0.8611111111111112 0.51640625 0.8309178743961353 0.5140625 0.8140096618357487 0.51796875 0.8067632850241546 0.52265625 0.7403381642512077 0.52109375 0.6702898550724637 0.51875 0.6400966183574879 0.5140625 0.6231884057971014 0.50625 0.6111111111111112 0.453125 0.5736714975845411 0.4140625 0.5567632850241546 0.3625 0.5422705314009661 0.34375 0.5422705314009661 0.27265625 0.5205314009661836 0.215625 0.4673913043478261 0.19453125 0.4420289855072464 0.14296875 0.3973429951690821 0.075 0.36835748792270534
6 0.5328125 0.4553140096618358 0.53203125 0.6026570048309179 0.53828125 0.605072463768116 0.53984375 0.45169082125603865 0.53515625 0.4504830917874396
1 0.16796875 0.9625603864734299 0.16640625 0.9842995169082126 0.17578125 0.9879227053140096 0.47265625 0.9891304347826086 0.4796875 0.998792270531401 0.5984375 0.998792270531401 0.6171875 0.9867149758454107 0.73328125 0.9879227053140096 0.76953125 0.9951690821256038 0.784375 0.9891304347826086 0.8359375 0.9903381642512077 0.84296875 0.9842995169082126 0.609375 0.7258454106280193 0.54296875 0.6582125603864735 0.5359375 0.6557971014492754 0.528125 0.6557971014492754 0.528125 0.6871980676328503 0.52265625 0.7028985507246377 0.528125 0.714975845410628 0.52421875 0.7270531400966184 0.52734375 0.7367149758454107 0.5265625 0.75 0.51875 0.7983091787439613 0.52109375 0.8309178743961353 0.51015625 0.8466183574879227 0.496875 0.8502415458937198 0.484375 0.8611111111111112 0.4578125 0.8695652173913043 0.4359375 0.8671497584541062 0.428125 0.8888888888888888 0.428125 0.927536231884058 0.4078125 0.9251207729468599 0.38125 0.9432367149758454 0.3453125 0.9456521739130435 0.32421875 0.9432367149758454 0.3078125 0.9311594202898551 0.28984375 0.927536231884058 0.20078125 0.9263285024154589 0.18125 0.9432367149758454
6 0.29375 0.0036231884057971015 0.29765625 0.09420289855072464 0.2953125 0.19927536231884058 0.296875 0.22584541062801933 0.30234375 0.24879227053140096 0.30390625 0.3864734299516908 0.2962890625 0.4057971014492754 0.2828125 0.4057971014492754 0.2828125 0.4384057971014493 0.2859375 0.44323671497584544 0.29947890625 0.4444444444444444 0.30703125 0.46256038647342995 0.3078125 0.5229468599033816 0.3140625 0.5289855072463768 0.3171875 0.5253623188405797 0.31796875 0.5048309178743962 0.31328125 0.45410628019323673 0.31953125 0.44323671497584544 0.33515625 0.44323671497584544 0.334375 0.40942028985507245 0.33046875 0.4057971014492754 0.32890625 0.3526570048309179 0.31953125 0.34541062801932365 0.31015625 0.3272946859903382 0.3078125 0.2222222222222222 0.31328125 0.213768115942029 0.315625 0.1570048309178744 0.31484375 0.15096618357487923 0.3078125 0.1473429951690821 0.30390625 0.121256038647343 0.30078125 0.004830917874396135 0.3 0
6 0.90625 0.1678743961352657 0.90234375 0.28019323671497587 0.8890625 0.29589371980676327 0.8984375 0.3103864734299517 0.89921875 0.3526570048309179 0.89375 0.37077294685990336 0.90078125 0.3780193236714976 0.91484375 0.37077294685990336 0.91484375 0.357487922705314 0.9078125 0.3327294685990338 0.9078125 0.16183574879227053
6 0.896875 0.4057971014492754 0.8921875 0.5362318840579711 0.89296875 0.6086956521739131 0.9 0.6123188405797102 0.90546875 0.5398550724637681 0.90859375 0.3828502415458937 0.89765625 0.3852657004830918
6 0.484375 0.23550724637681159 0.48671875 0.41545893719806765 0.48359375 0.532608695652174 0.48671875 0.535024154589372 0.4859375 0.5543478260869565 0.490625 0.5640096618357487 0.49453125 0.535024154589372 0.49453125 0.4975845410628019 0.49296875 0.23671497584541062 0.48984375 0.22342995169082125 0.4859375 0.22342995169082125
6 0.68515625 0.532608695652174 0.68125 0.5398550724637681 0.68125 0.5567632850241546 0.6875 0.5531400966183575 0.6875 0.532608695652174
6 0.6828125 0.3055555555555556 0.6875 0.3103864734299517 0.69140625 0.33816425120772947 0.68125 0.5120772946859904 0.68203125 0.5205314009661836 0.6921875 0.5217391304347826 0.69765625 0.26570048309178745 0.69296875 0.2717391304347826 0.69296875 0.29347826086956524
0 0.62421875 0.5954106280193237 0.625 0.6123188405797102 0.70859375 0.6123188405797102 0.70703125 0.5760869565217391 0.7046875 0.5664251207729468 0.69765625 0.5603864734299517 0.640625 0.5628019323671497 0.62890625 0.5772946859903382
