0 0.507020408163 0.328658536585 0.538693877551 0.328658536585 0.538693877551 0.384512195122 0.507020408163 0.384512195122
0 0.2979591836734694 0.5219512195121951 0.30612244897959184 0.5365853658536586 0.30612244897959184 0.5414634146341464 0.2979591836734694 0.551219512195122 0.2897959183673469 0.551219512195122 0.2857142857142857 0.5463414634146342 0.2857142857142857 0.5414634146341464 0.27755102040816326 0.526829268292683 0.2816326530612245 0.5219512195121951 0.2938775510204082 0.5219512195121951
0 0.351020408163 0.49756097561 0.6 0.49756097561 0.6 0.60487804878 0.351020408163 0.60487804878
0 0.1673469387755102 0.526829268292683 0.17551020408163265 0.526829268292683 0.17959183673469387 0.5219512195121951 0.2 0.5219512195121951 0.20408163265306123 0.526829268292683 0.22040816326530613 0.526829268292683 0.22040816326530613 0.5317073170731708 0.22857142857142856 0.5414634146341464 0.22857142857142856 0.5756097560975609 0.1673469387755102 0.5756097560975609 0.16326530612244897 0.5804878048780487 0.15510204081632653 0.5707317073170731 0.15510204081632653 0.5560975609756098 0.15918367346938775 0.551219512195122 0.15918367346938775 0.5463414634146342 0.1673469387755102 0.5317073170731708
0 0.23265306122448978 0.5219512195121951 0.24897959183673468 0.5219512195121951 0.2571428571428571 0.5317073170731708 0.2612244897959184 0.5463414634146342 0.2653061224489796 0.551219512195122 0.2653061224489796 0.5609756097560976 0.2612244897959184 0.5658536585365853 0.2571428571428571 0.5658536585365853 0.2530612244897959 0.5707317073170731 0.24081632653061225 0.5707317073170731 0.23265306122448978 0.5560975609756098 0.23265306122448978 0.526829268292683
0 0.0326530612245 0.531707317073 0.114285714286 0.531707317073 0.114285714286 0.590243902439 0.0326530612245 0.590243902439
0 0.261224489796 0.521951219512 0.289795918367 0.521951219512 0.289795918367 0.560975609756 0.261224489796 0.560975609756
0 0.763265306122449 0.5121951219512195 0.7673469387755102 0.5170731707317073 0.8163265306122449 0.5170731707317073 0.8204081632653061 0.5219512195121951 0.8244897959183674 0.5219512195121951 0.8285714285714286 0.526829268292683 0.8408163265306122 0.5317073170731708 0.8530612244897959 0.5463414634146342 0.8530612244897959 0.5609756097560976 0.8489795918367347 0.5609756097560976 0.8448979591836735 0.5658536585365853 0.8367346938775511 0.5658536585365853 0.8285714285714286 0.5756097560975609 0.8244897959183674 0.5756097560975609 0.8204081632653061 0.5804878048780487 0.8 0.5804878048780487 0.7918367346938775 0.5707317073170731 0.7673469387755102 0.5707317073170731 0.763265306122449 0.5756097560975609 0.7142857142857143 0.5756097560975609 0.7061224489795919 0.5853658536585366 0.6938775510204082 0.5853658536585366 0.6816326530612244 0.5756097560975609 0.6693877551020408 0.5756097560975609 0.6653061224489796 0.5707317073170731 0.6653061224489796 0.5560975609756098 0.673469387755102 0.5463414634146342 0.689795918367347 0.5463414634146342 0.6938775510204082 0.5414634146341464 0.710204081632653 0.5414634146341464 0.7224489795918367 0.526829268292683 0.726530612244898 0.526829268292683 0.7387755102040816 0.5170731707317073 0.7510204081632653 0.5170731707317073 0.7551020408163265 0.5121951219512195 0.7591836734693878 0.5121951219512195
0 0.11428571428571428 0.5317073170731708 0.14285714285714285 0.5317073170731708 0.1510204081632653 0.5463414634146342 0.1510204081632653 0.5707317073170731 0.1469387755102041 0.5756097560975609 0.11836734693877551 0.5756097560975609 0.11428571428571428 0.5707317073170731 0.11428571428571428 0.5365853658536586
0 0 0.526829268292683 0.024489795918367346 0.526829268292683 0.02857142857142857 0.5219512195121951 0.04081632653061224 0.5219512195121951 0.053061224489795916 0.5317073170731708 0.04897959183673469 0.5365853658536586 0.04897959183673469 0.5414634146341464 0.02857142857142857 0.5658536585365853 0.02857142857142857 0.5804878048780487 0.024489795918367346 0.5804878048780487 0.02040816326530612 0.5853658536585366 0.0163265306122449 0.5853658536585366 0.012244897959183673 0.5804878048780487 0 0.5804878048780487 0 0.5317073170731708
1 0 0.697560975609756 0.024489795918367346 0.697560975609756 0.024489795918367346 0.7073170731707317 0.02040816326530612 0.7073170731707317 0.012244897959183673 0.7170731707317073 0.012244897959183673 0.7219512195121951 0.0163265306122449 0.7268292682926829 0.02857142857142857 0.7268292682926829 0.04081632653061224 0.7170731707317073 0.05714285714285714 0.7170731707317073 0.061224489795918366 0.7121951219512195 0.06938775510204082 0.7121951219512195 0.07346938775510205 0.7073170731707317 0.08571428571428572 0.7073170731707317 0.08979591836734693 0.7024390243902439 0.10204081632653061 0.7024390243902439 0.10612244897959183 0.697560975609756 0.13877551020408163 0.697560975609756 0.14285714285714285 0.7024390243902439 0.22040816326530613 0.7024390243902439 0.22448979591836735 0.7073170731707317 0.22040816326530613 0.7219512195121951 0.2163265306122449 0.7170731707317073 0.21224489795918366 0.7170731707317073 0.20408163265306123 0.7268292682926829 0.1836734693877551 0.7268292682926829 0.17551020408163265 0.7365853658536585 0.1673469387755102 0.7365853658536585 0.16326530612244897 0.7414634146341463 0.15510204081632653 0.7414634146341463 0.1510204081632653 0.7463414634146341 0.14285714285714285 0.7463414634146341 0.13877551020408163 0.751219512195122 0.08979591836734693 0.751219512195122 0.08571428571428572 0.7463414634146341 0.044897959183673466 0.7463414634146341 0.04081632653061224 0.751219512195122 0 0.751219512195122 0 0.7365853658536585 0.004081632653061225 0.7317073170731707 0.004081632653061225 0.7073170731707317 0 0.7024390243902439
1 0.8 0.7073170731707317 0.8448979591836735 0.7073170731707317 0.8489795918367347 0.7121951219512195 0.8571428571428571 0.7121951219512195 0.8693877551020408 0.7219512195121951 0.8775510204081632 0.7219512195121951 0.8816326530612245 0.7268292682926829 0.8857142857142857 0.7268292682926829 0.8979591836734694 0.7365853658536585 0.9061224489795918 0.7365853658536585 0.9102040816326531 0.7414634146341463 0.9142857142857143 0.7414634146341463 0.9183673469387755 0.7463414634146341 0.9224489795918367 0.7463414634146341 0.9346938775510204 0.7560975609756098 0.9224489795918367 0.7560975609756098 0.9183673469387755 0.7609756097560976 0.8857142857142857 0.7609756097560976 0.8816326530612245 0.7560975609756098 0.8734693877551021 0.7560975609756098 0.8693877551020408 0.751219512195122 0.8612244897959184 0.751219512195122 0.8571428571428571 0.7463414634146341 0.8530612244897959 0.7463414634146341 0.8489795918367347 0.7414634146341463 0.8448979591836735 0.7414634146341463 0.8408163265306122 0.7365853658536585 0.8285714285714286 0.7317073170731707 0.8204081632653061 0.7219512195121951 0.8163265306122449 0.7219512195121951 0.8122448979591836 0.7170731707317073 0.8 0.7121951219512195
