4 0.830941666667 0.454046052632 0.906575 0.454046052632 0.906575 0.529967105263 0.830941666667 0.529967105263
7 0.4125 0.09758771929824561 0.41833333333333333 0.17324561403508773 0.42083333333333334 0.18311403508771928 0.42833333333333334 0.18311403508771928 0.42916666666666664 0.1600877192982456 0.4225 0.11293859649122807 0.41833333333333333 0.09429824561403509
7 0.42083333333333334 0.19407894736842105 0.45916666666666667 0.7028508771929824 0.4608333333333333 0.7072368421052632 0.4691666666666667 0.7072368421052632 0.4775 0.6984649122807017 0.4766666666666667 0.6743421052631579 0.43583333333333335 0.2236842105263158 0.42916666666666664 0.1875 0.4216666666666667 0.1875
7 0.6125 0.4791666666666667 0.6125 0.5109649122807017 0.6408333333333334 0.6502192982456141 0.66 0.6907894736842105 0.6633333333333333 0.7083333333333334 0.6683333333333333 0.8728070175438597 0.6775 0.8760964912280702 0.6958333333333333 0.8728070175438597 0.6991666666666667 0.8552631578947368 0.6941666666666667 0.8103070175438597 0.6791666666666667 0.694078947368421 0.6683333333333333 0.6469298245614035 0.6541666666666667 0.5460526315789473 0.6408333333333334 0.5383771929824561 0.635 0.5394736842105263 0.6291666666666667 0.5274122807017544 0.6208333333333333 0.48355263157894735
7 0.21666666666666667 0.5252192982456141 0.2125 0.6260964912280702 0.22666666666666666 0.6293859649122807 0.2425 0.6460526315789474 0.2425 0.7631578947368421 0.24666666666666667 0.7730263157894737 0.2425 0.7785087719298246 0.24 0.7993421052631579 0.24333333333333335 0.8146929824561403 0.24 0.8278508771929824 0.24 0.8947368421052632 0.2325 0.9177631578947368 0.245 0.918859649122807 0.25833333333333336 0.9144736842105263 0.25 0.9057017543859649 0.24833333333333332 0.8947368421052632 0.25166666666666665 0.6417050438596491 0.2775 0.6206140350877193 0.2816666666666667 0.5866228070175439 0.2825 0.5098684210526315 0.2725 0.5054824561403509 0.23416666666666666 0.5087719298245614 0.22 0.5153508771929824
0 0.16916666666666666 0.8135964912280702 0.17166666666666666 0.856359649122807 0.18666666666666668 0.868421052631579 0.19916666666666666 0.8695175438596491 0.24 0.8519736842105263 0.25 0.8530701754385965 0.25416666666666665 0.8629385964912281 0.2675 0.8574561403508771 0.2825 0.8629385964912281 0.30083333333333334 0.8355263157894737 0.3175 0.8366228070175439 0.32416666666666666 0.8497807017543859 0.3308333333333333 0.8508771929824561 0.3375 0.8453947368421053 0.3408333333333333 0.8322368421052632 0.33666666666666667 0.7675438596491229 0.32083333333333336 0.7335526315789473 0.30333333333333334 0.7236842105263158 0.2575 0.7324561403508771 0.25166666666666665 0.7401315789473685 0.2425 0.7412280701754386 0.24 0.7368421052631579 0.215 0.7467105263157895 0.20416666666666666 0.7587719298245614 0.19583333333333333 0.7807017543859649
0 0.43583333333333335 0.7521929824561403 0.43666666666666665 0.7850877192982456 0.445 0.805921052631579 0.4608333333333333 0.7993421052631579 0.4683333333333333 0.7905701754385965 0.49083333333333334 0.7916666666666666 0.5058333333333334 0.7861842105263158 0.5233333333333333 0.7949561403508771 0.5308333333333334 0.7807017543859649 0.5416666666666666 0.7774122807017544 0.5608333333333333 0.7850877192982456 0.5675 0.7796052631578947 0.5625 0.7236842105263158 0.5566666666666666 0.7149122807017544 0.5427083333333333 0.7086074561403509 0.5333333333333333 0.6962719298245614 0.525 0.6929824561403509 0.49416666666666664 0.6984649122807017 0.46 0.7116228070175439 0.45 0.7346491228070176
0 0.5458333333333333 0.7028508771929824 0.5433333333333333 0.706140350877193 0.5466666666666666 0.7127192982456141 0.5625 0.7214912280701754 0.5641666666666667 0.75 0.5691666666666667 0.7631578947368421 0.5791666666666667 0.7653508771929824 0.5875 0.7752192982456141 0.6133333333333333 0.7697368421052632 0.6166666666666667 0.7653508771929824 0.6133333333333333 0.7225877192982456 0.5958333333333333 0.6951754385964912 0.585 0.6907894736842105
0 0.6825 0.7094298245614035 0.685 0.7324561403508771 0.6908333333333333 0.7357456140350878 0.69 0.7127192982456141 0.6858333333333333 0.7072368421052632
0 0.6183333333333333 0.7291666666666666 0.6183333333333333 0.7521929824561403 0.6216666666666667 0.7576754385964912 0.6608333333333334 0.75 0.66 0.6962719298245614 0.6525 0.6929824561403509 0.6341666666666667 0.6984649122807017
0 0.9375 0.8552631578947368 0.9433333333333334 0.9057017543859649 0.9416666666666667 0.9276315789473685 0.9283333333333333 0.944078947368421 0.9275 0.9747807017543859 0.9333333333333333 0.993421052631579 0.9375 0.9989035087719298 0.9991666666666666 0.9989035087719298 0.9991666666666666 0.7949561403508771 0.9533333333333334 0.8179824561403509
6 0.8833333333333333 0 0.8516666666666667 0 0.8558333333333333 0.027412280701754384 0.8541666666666666 0.047149122807017545 0.8941666666666667 0.4451754385964912 0.8975 0.4857456140350877 0.895 0.5076754385964912 0.9008333333333334 0.524671052631579 0.9058333333333334 0.569078947368421 0.9091666666666667 0.6611842105263158 0.9225 0.7302631578947368 0.93 0.8234649122807017 0.9358333333333333 0.8508771929824561 0.9416666666666667 0.8421052631578947 0.9466666666666667 0.8212719298245614 0.9625 0.8092105263157895 0.9666666666666667 0.7982456140350878 0.955 0.7127192982456141 0.9558333333333333 0.668859649122807 0.8941666666666667 0.07017543859649122 0.89 0.06798245614035088 0.8833333333333333 0.046052631578947366 0.8866666666666667 0.039473684210526314
6 0.81 0.5570175438596491 0.8058333333333333 0.5712719298245614 0.8066666666666666 0.5877192982456141 0.8258333333333333 0.7752192982456141 0.84 0.7817982456140351 0.8458333333333333 0.7785087719298246 0.8458333333333333 0.7675438596491229 0.8208333333333333 0.5745614035087719 0.8158333333333333 0.5603070175438597
