1 0.012 0.764 0.006 0.777 0 0.78 0 0.999 0.562 0.999 0.5646666666666667 0.995 0.5953333333333334 0.996 0.6026666666666667 0.974 0.5986666666666667 0.97 0.5986666666666667 0.937 0.612 0.921 0.6153333333333333 0.904 0.6653333333333333 0.566 0.6653333333333333 0.543 0.662 0.538 0.5986666666666667 0.533 0.5713333333333334 0.538 0.5686666666666667 0.555 0.5466666666666666 0.551 0.5433333333333333 0.538 0.522 0.536 0.52 0.542 0.5086666666666667 0.543 0.5046666666666667 0.536 0.4726666666666667 0.538 0.4653333333333333 0.532 0.4573333333333333 0.563 0.42733333333333334 0.56 0.432 0.626 0.4206666666666667 0.709 0.3406666666666667 0.713 0.3253333333333333 0.64 0.32133333333333336 0.637 0.31866666666666665 0.626 0.31066666666666665 0.613 0.3006666666666667 0.614 0.29933333333333334 0.624 0.292 0.631 0.29 0.65 0.2786666666666667 0.655 0.274 0.655 0.26466666666666666 0.64 0.264 0.632 0.258 0.631 0.25533333333333336 0.626 0.24066666666666667 0.626 0.24 0.635 0.234 0.639 0.23066666666666666 0.648 0.21866666666666668 0.653 0.21266666666666667 0.661 0.21066666666666667 0.668 0.21266666666666667 0.697 0.20133333333333334 0.715 0.19933333333333333 0.741 0.206 0.804 0.094 0.821 0.092 0.797 0.076 0.784 0.07533333333333334 0.709 0.07133333333333333 0.706 0.06933333333333333 0.713 0.06 0.716 0.056 0.727 0.026 0.758 0.018666666666666668 0.757
6 0.7453333333333333 0.236 0.744 0.257 0.7386666666666667 0.27 0.744 0.284 0.7526666666666667 0.283 0.7953333333333333 0.771 0.7913333333333333 0.788 0.7893333333333333 0.915 0.7826666666666666 0.951 0.786 0.993 0.8073333333333333 0.999 0.9993333333333333 0.999 0.9993333333333333 0 0.8466666666666667 0 0.8486666666666667 0.148 0.8146666666666667 0.187 0.7993333333333333 0.191 0.7926666666666666 0.2 0.7846666666666666 0.199 0.7653333333333333 0.206 0.7486666666666667 0.224
1 0.19133333333333333 0.521 0.18866666666666668 0.522 0.18866666666666668 0.527 0.192 0.559 0.20933333333333334 0.554 0.25933333333333336 0.553 0.26666666666666666 0.548 0.2653333333333333 0.539 0.2613333333333333 0.534 0.256 0.534 0.24466666666666667 0.524 0.24133333333333334 0.527 0.228 0.52
1 0.03933333333333333 0.528 0 0.531 0 0.568 0.076 0.564 0.07733333333333334 0.526
5 0.078 0.547 0.07933333333333334 0.567 0.09066666666666667 0.584 0.08533333333333333 0.61 0.07666666666666666 0.779 0.08666666666666667 0.787 0.11133333333333334 0.921 0.11266666666666666 0.941 0.12 0.943 0.13666666666666666 0.918 0.13733333333333334 0.911 0.19266666666666668 0.856 0.20266666666666666 0.854 0.22 0.834 0.22533333333333333 0.822 0.224 0.81 0.20933333333333334 0.812 0.20266666666666666 0.799333 0.19666666666666666 0.739 0.19733333333333333 0.713 0.20133333333333334 0.704 0.21 0.698 0.21066666666666667 0.678 0.19 0.561 0.18333333333333332 0.48 0.178 0.469 0.16066666666666668 0.46 0.15666666666666668 0.439 0.16533333333333333 0.421 0.168 0.401 0.166 0.377 0.16266666666666665 0.371 0.15133333333333332 0.363 0.13666666666666666 0.362 0.12666666666666668 0.373 0.12266666666666666 0.397 0.12933333333333333 0.426 0.12733333333333333 0.439 0.106 0.454 0.09866666666666667 0.466 0.08266666666666667 0.508
5 0.30866666666666664 0.496 0.306 0.54 0.31466666666666665 0.588 0.316 0.612 0.32133333333333336 0.621 0.3293333333333333 0.65 0.3406666666666667 0.71 0.338 0.781 0.3446666666666667 0.849 0.3433333333333333 0.867 0.3313333333333333 0.9 0.3313333333333333 0.908 0.338 0.918 0.346 0.918 0.3526666666666667 0.907 0.36133333333333334 0.852 0.398 0.852 0.3993333333333333 0.868 0.4033333333333333 0.873 0.42866666666666664 0.855 0.42866666666666664 0.843 0.42 0.838 0.41933333333333334 0.699 0.43 0.628 0.42533333333333334 0.571 0.43466666666666665 0.557 0.43866666666666665 0.56 0.4553333333333333 0.558 0.4593333333333333 0.546 0.44466666666666665 0.51 0.43866666666666665 0.487 0.43533333333333335 0.459 0.438 0.446 0.428 0.434 0.41733333333333333 0.429 0.4086666666666667 0.417 0.40066666666666667 0.416 0.394 0.403 0.4013333333333333 0.384 0.39666666666666667 0.365 0.398 0.352 0.384 0.337 0.36933333333333335 0.338 0.3626666666666667 0.344 0.35933333333333334 0.359 0.36133333333333334 0.362 0.36 0.391 0.364 0.411 0.3486666666666667 0.418 0.33466666666666667 0.419 0.32466666666666666 0.434 0.31866666666666665 0.456 0.32066666666666666 0.469 0.31333333333333335 0.47
5 0.24666666666666667 0.438 0.24666666666666667 0.513 0.25133333333333335 0.525 0.266 0.534 0.272 0.55 0.2733333333333333 0.577 0.27 0.637 0.27266666666666667 0.645 0.2713333333333333 0.651 0.28 0.652 0.28933333333333333 0.645 0.2906666666666667 0.627 0.2946666666666667 0.623 0.2986666666666667 0.606 0.2966666666666667 0.597 0.31 0.466 0.31466666666666665 0.457 0.31066666666666665 0.424 0.30466666666666664 0.409 0.296 0.402 0.29 0.361 0.2793333333333333 0.358 0.276 0.363 0.2733333333333333 0.393 0.254 0.412
5 0.494 0.429 0.49333333333333335 0.443 0.5046666666666667 0.46 0.498 0.474 0.508 0.509 0.5113333333333333 0.565 0.5153333333333333 0.568 0.518 0.562 0.5286666666666666 0.435 0.5266666666666666 0.418 0.5186666666666667 0.4 0.5206666666666667 0.393 0.5186666666666667 0.376 0.512 0.374 0.5066666666666667 0.38 0.5073333333333333 0.391 0.502 0.414 0.49733333333333335 0.416
5 0.5486666666666666 0.371 0.546 0.401 0.532 0.42 0.5393333333333333 0.438 0.5493333333333333 0.553 0.548 0.561 0.5646666666666667 0.568 0.57 0.478 0.5793333333333334 0.474 0.582 0.481 0.584 0.47 0.572 0.405 0.564 0.398 0.5606666666666666 0.369
5 0.7133333333333334 0.426 0.7126666666666667 0.441 0.7166666666666667 0.456 0.72 0.454 0.7246666666666667 0.461 0.7233333333333334 0.47 0.7273333333333334 0.478 0.7433333333333333 0.47 0.7426666666666667 0.386 0.7373333333333333 0.369 0.7173333333333334 0.387
6 0.4666666666666667 0.095 0.466 0.124 0.47 0.142 0.4706666666666667 0.098
6 0.4673333333333333 0.206 0.4673333333333333 0.241 0.4726666666666667 0.245 0.47533333333333333 0.209 0.47333333333333333 0.204
6 0.468 0 0.4633333333333333 0 0.466 0.083 0.4693333333333333 0.083 0.4706666666666667 0.078
6 0.4653333333333333 0.248 0.4693333333333333 0.323 0.4686666666666667 0.39 0.472 0.41 0.47 0.41 0.4713333333333333 0.445 0.466 0.462 0.4653333333333333 0.483 0.4673333333333333 0.487 0.4786666666666667 0.488 0.48333333333333334 0.486 0.48333333333333334 0.478 0.47733333333333333 0.27 0.474 0.253
6 0.49533333333333335 0.327 0.49466666666666664 0.388 0.5 0.391 0.5033333333333333 0.382 0.506 0.33 0.5053333333333333 0.326
6 0.494 0 0.48933333333333334 0 0.49066666666666664 0.096 0.49333333333333335 0.102 0.498 0.096
6 0.496 0.136 0.492 0.206 0.49466666666666664 0.249 0.49666666666666665 0.258 0.5013333333333333 0.259 0.498 0.123
0 0.158 0.44 0.16066666666666668 0.457 0.17533333333333334 0.463 0.17466666666666666 0.441 0.17133333333333334 0.431 0.16666666666666666 0.427
0 0.06733333333333333 0.458 0.06733333333333333 0.478 0.07733333333333334 0.488 0.084 0.487 0.09333333333333334 0.478 0.102 0.456 0.126 0.439 0.12933333333333333 0.425 0.12333333333333334 0.416 0.10466666666666667 0.42 0.07133333333333333 0.45
0 0.18666666666666668 0.425 0.18666666666666668 0.448 0.192 0.466 0.19933333333333333 0.467 0.20333333333333334 0.458 0.21333333333333335 0.456 0.238 0.463 0.24333333333333335 0.459 0.248 0.422 0.25666666666666665 0.401 0.25333333333333335 0.396 0.21466666666666667 0.399 0.20533333333333334 0.406 0.2 0.417
