6 0.6685714285714286 0.26991869918699185 0.6674285714285715 0.4211382113821138 0.6777142857142857 0.42276422764227645 0.6788571428571428 0.2601626016260163 0.6731428571428572 0.25853658536585367
4 0.689051428571 0.264227642276 0.71856 0.264227642276 0.71856 0.30243902439 0.689051428571 0.30243902439
1 0.32685714285714285 0.5398373983739837 0.33714285714285713 0.6 0.3588571428571429 0.6390243902439025 0.352 0.6504065040650406 0.38285714285714284 0.6585365853658537 0.4137142857142857 0.6504065040650406 0.41942857142857143 0.6357723577235772 0.4308571428571429 0.6276422764227643 0.47085714285714286 0.624390243902439 0.4937142857142857 0.6032520325203252 0.5268571428571428 0.5967479674796748 0.5565714285714286 0.5821138211382114 0.5702857142857143 0.608130081300813 0.5737142857142857 0.6048780487804878 0.584 0.616260162601626 0.584 0.6292682926829268 0.5988571428571429 0.6455284552845528 0.6228571428571429 0.6455284552845528 0.7045714285714286 0.608130081300813 0.7234285714285714 0.6065040650406504 0.7257142857142858 0.5853658536585366 0.7097142857142857 0.5707317073170731 0.72 0.5349593495934959 0.7417142857142857 0.5219512195121951 0.6068571428571429 0.4861788617886179 0.5405714285714286 0.5008130081300813 0.5222857142857142 0.4991869918699187 0.5211428571428571 0.5203252032520326 0.4937142857142857 0.5382113821138211 0.48 0.5252032520325203 0.4594285714285714 0.5284552845528455 0.4491428571428571 0.5186991869918699 0.42628571428571427 0.5186991869918699
1 0.012571428571428572 0.6146341463414634 0 0.6357723577235772 0 0.6487804878048781 0.03428571428571429 0.6813008130081301 0.07085714285714285 0.759349593495935 0.08457142857142858 0.7723577235772358 0.17485714285714285 0.7447154471544716 0.21142857142857144 0.7138211382113822 0.28685714285714287 0.697560975609756 0.33714285714285713 0.6601626016260163 0.3314285714285714 0.6536585365853659 0.32457142857142857 0.6130081300813008 0.30857142857142855 0.5642276422764227 0.29714285714285715 0.5414634146341464 0.060571428571428575 0.5934959349593496
5 0.22057142857142858 0.408130081300813 0.2022857142857143 0.5723577235772358 0.18514285714285714 0.5967479674796748 0.19428571428571428 0.616260162601626 0.2297142857142857 0.567479674796748 0.2502857142857143 0.5902439024390244 0.2342857142857143 0.6601626016260163 0.25942857142857145 0.656910569105691 0.264 0.6536585365853659 0.26057142857142856 0.6439024390243903 0.27085714285714285 0.6292682926829268 0.3211428571428571 0.5983739837398374 0.3302857142857143 0.6471544715447154 0.3588571428571429 0.6341463414634146 0.36228571428571427 0.6276422764227643 0.3062857142857143 0.3853658536585366 0.3097142857142857 0.37073170731707317 0.3062857142857143 0.34959349593495936 0.29714285714285715 0.33983739837398375 0.28685714285714287 0.34146341463414637 0.2777142857142857 0.35121951219512193 0.26971428571428574 0.3772357723577236 0.248 0.383739837398374
5 0.456 0.3772357723577236 0.4617142857142857 0.5219512195121951 0.4697142857142857 0.5252032520325203 0.472 0.5170731707317073 0.49714285714285716 0.5333333333333333 0.49942857142857144 0.5186991869918699 0.5154285714285715 0.5186991869918699 0.5177142857142857 0.4943089430894309 0.512 0.46504065040650405 0.5245714285714286 0.4585365853658537 0.5325714285714286 0.4373983739837398 0.5257142857142857 0.39186991869918697 0.5051428571428571 0.34796747967479674 0.4937142857142857 0.36097560975609755 0.4662857142857143 0.34959349593495936
6 0.9245714285714286 0.2959349593495935 0.9211428571428572 0.5365853658536586 0.9268571428571428 0.5349593495934959 0.9314285714285714 0.37886178861788616 0.9302857142857143 0.2959349593495935
1 0.017142857142857144 0.4113821138211382 0 0.41300813008130083 0 0.42601626016260163 0.21257142857142858 0.424390243902439 0.21828571428571428 0.4146341463414634 0.21714285714285714 0.408130081300813
1 0.39885714285714285 0.42276422764227645 0.37257142857142855 0.424390243902439 0.3782857142857143 0.432520325203252 0.448 0.44552845528455287 0.45714285714285713 0.43902439024390244 0.456 0.4292682926829268 0.4422857142857143 0.42276422764227645
6 0.6617142857142857 0.43577235772357725 0.664 0.4585365853658537 0.6822857142857143 0.45691056910569106 0.6788571428571428 0.42601626016260163 0.6651428571428571 0.4276422764227642
1 0.5337142857142857 0.44390243902439025 0.5302857142857142 0.46178861788617886 0.5531428571428572 0.4682926829268293 0.6171428571428571 0.46504065040650405 0.6308571428571429 0.45203252032520325 0.6228571428571429 0.4373983739837398 0.5965714285714285 0.432520325203252 0.5737142857142857 0.43089430894308944
6 0.6731428571428572 0.04715447154471545 0.6708571428571428 0.23577235772357724 0.6754285714285714 0.23902439024390243 0.68 0.23252032520325203 0.6845714285714286 0.05365853658536585 0.68 0.04065040650406504
0 0.68 0.35772357723577236 0.6788571428571428 0.39186991869918697 0.6845714285714286 0.4113821138211382 0.688 0.4032520325203252 0.7005714285714286 0.3983739837398374 0.7302857142857143 0.4195121951219512 0.7325714285714285 0.43577235772357725 0.7645714285714286 0.43577235772357725 0.8765714285714286 0.4146341463414634 0.8765714285714286 0.3804878048780488 0.8617142857142858 0.359349593495935 0.8125714285714286 0.35772357723577236 0.8045714285714286 0.367479674796748 0.7771428571428571 0.367479674796748 0.728 0.35284552845528455 0.6845714285714286 0.35284552845528455
0 0.5188571428571429 0.36097560975609755 0.5325714285714286 0.42276422764227645 0.5497142857142857 0.432520325203252 0.5702857142857143 0.42276422764227645 0.6034285714285714 0.4276422764227642 0.6525714285714286 0.3821138211382114 0.6502857142857142 0.3544715447154472 0.6342857142857142 0.34959349593495936 0.5977142857142858 0.34959349593495936 0.576 0.367479674796748 0.528 0.3544715447154472
0 0.08228571428571428 0.33983739837398375 0 0.35121951219512193 0 0.4065040650406504 0.036571428571428574 0.4113821138211382 0.036571428571428574 0.3902439024390244 0.04914285714285714 0.36585365853658536 0.06971428571428571 0.367479674796748 0.07314285714285715 0.3772357723577236 0.112 0.3772357723577236 0.11314285714285714 0.35772357723577236 0.10857142857142857 0.34796747967479674 0.09942857142857142 0.33983739837398375
6 0.22857142857142856 0.06991869918699187 0.22514285714285714 0.06991869918699187 0.248 0.08455284552845528 0.2754285714285714 0.17886178861788618 0.2742857142857143 0.21788617886178863 0.26857142857142857 0.22439024390243903 0.2742857142857143 0.24390243902439024 0.2674285714285714 0.2601626016260163 0.2742857142857143 0.3056910569105691 0.272 0.34959349593495936 0.2754285714285714 0.35121951219512193 0.2822857142857143 0.3300813008130081 0.2834285714285714 0.27479674796747966 0.28914285714285715 0.2682926829268293 0.2845714285714286 0.26178861788617885 0.28914285714285715 0.23739837398373984 0.28114285714285714 0.21544715447154472 0.28114285714285714 0.14796747967479676 0.28914285714285715 0.14308943089430895 0.2925714285714286 0.11544715447154472
