3 0.749233333333 0.353511904762 0.774166666667 0.353511904762 0.774166666667 0.38494047619 0.749233333333 0.38494047619
6 0.11 0.13690476190476192 0.11 0.22023809523809523 0.23 0.25 0.25 0.27976190476190477 0.25333333333333335 0.44642857142857145 0.24 0.4642857142857143 0.22333333333333333 0.6904761904761905 0.20666666666666667 0.7142857142857143 0.15666666666666668 0.7023809523809523 0.13333333333333333 0.7261904761904762 0.14666666666666667 0.9821428571428571 0.37333333333333335 0.9880952380952381 0.37333333333333335 0.8511904761904762 0.41333333333333333 0.8333333333333334 0.42333333333333334 0.6666666666666666 0.44 0.6428571428571429 0.43 0.15476190476190477 0.39 0.125 0.37333333333333335 0 0.17 0 0.17 0.06547619047619048
4 0.125133333333 0.17369047619 0.1456 0.17369047619 0.1456 0.229166666667 0.125133333333 0.229166666667
1 0.38 0.9285714285714286 0.37666666666666665 0.9523809523809523 0.38 0.9642857142857143 0.38 0.9940476190476191 0.49666666666666665 0.9940476190476191 0.5233333333333333 0.9583333333333334 0.49333333333333335 0.9464285714285714 0.4633333333333333 0.9107142857142857 0.44333333333333336 0.9285714285714286 0.3933333333333333 0.9226190476190477
1 0.02666666666666667 0.8392857142857143 0 0.8511904761904762 0 0.9107142857142857 0.11333333333333333 0.9404761904761905 0.13666666666666666 0.9404761904761905 0.13666666666666666 0.9226190476190477 0.12666666666666668 0.8630952380952381 0.05 0.8392857142857143
1 0.42 0.6904761904761905 0.4166666666666667 0.7023809523809523 0.44666666666666666 0.7202380952380952 0.5866666666666667 0.75 0.7066666666666667 0.75 0.72 0.7261904761904762 0.56 0.6904761904761905
1 0.42 0.7619047619047619 0.4166666666666667 0.7738095238095238 0.42 0.8452380952380952 0.6 0.8630952380952381 0.6233333333333333 0.8511904761904762 0.65 0.8154761904761905 0.5533333333333333 0.7738095238095238 0.44 0.7738095238095238
1 0.46 0.6488095238095238 0.45666666666666667 0.6607142857142857 0.5033333333333333 0.6726190476190477 0.7566666666666667 0.6964285714285714 0.8566666666666667 0.5952380952380952 0.77 0.5714285714285714 0.6266666666666667 0.5833333333333334
0 0.4533333333333333 0.4523809523809524 0.44333333333333336 0.47023809523809523 0.44333333333333336 0.5476190476190477 0.44666666666666666 0.5535714285714286 0.46 0.5416666666666666 0.4777766666666667 0.5416666666666666 0.5233333333333333 0.5595238095238095 0.5633333333333334 0.5595238095238095 0.6 0.5357142857142857 0.6 0.5059523809523809 0.5933333333333334 0.48214285714285715 0.5333333333333333 0.44047619047619047 0.47 0.44047619047619047
6 0.72 0 0.71 0.005952380952380952 0.73 0.05357142857142857 0.77 0.2936488095238095 0.7666666666666667 0.5476190476190477 0.7766666666666666 0.5535714285714286 0.78 0.14285714285714285 0.75 0.05357142857142857 0.7533333333333333 0.023809523809523808
6 0.1 0.5535714285714286 0.09666666666666666 0.5595238095238095 0.09666666666666666 0.6488095238095238 0.1 0.6488095238095238 0.10666666666666667 0.6726190476190477 0.16333333333333333 0.6726190476190477 0.16666666666666666 0.6964285714285714 0.17333333333333334 0.6964285714285714 0.21333333333333335 0.6666666666666666 0.22333333333333333 0.6428571428571429 0.23 0.6369047619047619 0.23 0.6130952380952381 0.22333333333333333 0.6011904761904762
6 0.8866666666666667 0 0.88 0.5595238095238095 0.8933333333333333 0.5238095238095238 0.9 0.4226190476190476 0.9 0
6 0.12666666666666668 0.4226190476190476 0.1 0.44047619047619047 0.1 0.5238095238095238 0.11333333333333333 0.5416666666666666 0.11666666666666667 0.5535714285714286 0.12333333333333334 0.5476190476190477 0.16666666666666666 0.5773809523809523 0.17666666666666667 0.5714285714285714 0.2 0.5714285714285714 0.20666666666666667 0.5773809523809523 0.21 0.5714285714285714 0.22333333333333333 0.5714285714285714 0.23 0.5654761904761905 0.22666666666666666 0.5476190476190477 0.23 0.48214285714285715 0.22666666666666666 0.47619047619047616 0.23 0.4523809523809524 0.22666666666666666 0.4523809523809524 0.22333333333333333 0.43452380952380953 0.21666666666666667 0.44642857142857145 0.21 0.44642857142857145 0.14333333333333334 0.4226190476190476
